run_configs: {
    "all_bias": {
        "gc_bias_constant": 1.0,
        "gc_bias_linear": 0.0,
        "gc_bias_quadratic": -100.0,
        "breakpoint_prob_per_base": 0.0002,
        "perfect_priming": "false",
        "selection_step": "polya_step.PolyAStep",
        "primes_per_kb": 50,
        "fragmentation_rate": 0.005,
        "frag_min_size": 100,
        "frag_max_size": 400,
        "frag_mid_start_size": 200,
        "frag_mid_end_size": 300,
         "fwd_A_freq": [0.50, 0.1, 0.40, 0.30, 0.25, 0.15],
         "fwd_C_freq": [0.20, 0.5, 0.3 , 0.25, 0.25, 0.15],
         "fwd_G_freq": [0.15, 0.1, 0.15, 0.25, 0.25, 0.20],
         "rev_A_freq": [0.50, 0.1, 0.40, 0.30, 0.25, 0.15],
         "rev_C_freq": [0.20, 0.5, 0.3 , 0.25, 0.25, 0.15],
         "rev_G_freq": [0.15, 0.1, 0.15, 0.25, 0.25, 0.20],
    },
    "all_bias2": {
        "gc_bias_constant": 1.0,
        "gc_bias_linear": 0.0,
        "gc_bias_quadratic": -100.0,
        "breakpoint_prob_per_base": 0.0002,
        "perfect_priming": "false",
        "selection_step": "polya_step.PolyAStep",
        "primes_per_kb": 50,
        "fragmentation_rate": 0.005,
        "frag_min_size": 100,
        "frag_max_size": 400,
        "frag_mid_start_size": 200,
        "frag_mid_end_size": 300,
        "fwd_A_freq": [0.1780882191178088, 0.23090769092309077, 0.24198758012419877, 0.3000069999300007, 0.3145868541314587, 0.34809651903480965],
        "fwd_C_freq": [0.3359866401335987, 0.22192778072219277, 0.23368766312336878, 0.22711772882271178, 0.1992880071199288, 0.2200577994220058],
        "fwd_G_freq": [0.36021639783602166, 0.26961730382696175, 0.23886761132388676, 0.25957740422595776, 0.2798672013279867, 0.23678763212367876],
        "rev_A_freq": [0.09327906720932791, 0.11093889061109388, 0.14235857641423585, 0.2206177938220618, 0.2573474265257347, 0.29270707292927073],
        "rev_C_freq": [0.3789162108378916, 0.3002969970300297, 0.3764462355376446, 0.2908470915290847, 0.21391786082139178, 0.2161678383216168],
        "rev_G_freq": [0.44463555364446355, 0.2668273317266827, 0.2543574564254357, 0.2734872651273487, 0.2997570024299757, 0.26949730502694974],
    },
}


sample_ids: [1]

lanes_used: [1]

